
[255 255 238]
[255 255 237]
[250 250 223]
[251 244 218]
[255 255 238]
[255 255 239]
[251 243 213]
[243 240 209]
[244 237 205]
[255 255 228]
[255 255 237]
[255 255 237]
[255 255 234]
[243 244 210]
[255 255 231]
[196 185 163]
[183 160 142]
[189 182 156]
[200 193 167]
[200 183 159]
[217 215 188]
[210 197 175]
[216 205 185]
[212 209 178]
[255 255 249]
[255 255 253]
[205 198 179]
[65 49 57]
[73 72 63]
[135 117 111]
[23  9 11]
[60 27 33]
[79 49 50]
[155 141 128]
[176 161 153]
[145 125 166]
[133 109 141]
[ 78  53 159]
[ 96  80 153]
[128 107 169]
[ 89  60 166]
[49 38 39]
[202 198 165]
[249 237 212]
[110 117 143]
[ 79  81 101]
[ 84  92 113]
[ 74  83 102]
[82 21  9]
[10  0  0]
[78 16  6]
[71 21  9]
[76 19  8]
[77 21  8]
[62 14  4]
[0 0 0]
[0 0 0]
[14 11  7]
[117 110 100]
[201 195 158]
[0 0 0]
[85 15  2]
[97 20  1]
[88  0  0]
[15 12  8]
[11 10  6]
[79 81 68]
[139 143 132]
[187 207 168]
[200 194 166]
[204 183 158]
[19 19 18]
[4 0 0]
[41 20 29]
[43 39 39]
[2 0 0]
[46 42 34]
[51 33 27]
[77 50 50]
[35 12 15]
[87 24 10]
[39  0  0]
[68 15  6]
[4 2 1]
[78 19  8]
[19 18 22]
[101 102 124]
[29 27 33]
[27 27 28]
[41 43 49]
[0 0 0]
[33 30 39]
[30 31 35]
[23 19 20]
[82 21  7]
[0 0 0]
[0 0 0]
[254 255 226]
[ 73  50 144]
[ 87  60 153]
[213 210 198]
[255 251 228]
[255 251 225]
[182 168 150]
[224 221 199]
[225 219 196]
[248 254 229]
[111  41  35]
[215 219 196]
[87 62 37]
[172 159 139]
[65  0  0]
[82 12  0]
[8 5 1]
[9 6 2]
[22 17 12]
[77 74 57]
[0 0 0]
[180 157 132]
[18  7  0]
[253 233 214]
[219 207 182]
[145 132 117]
[84  0  0]
[47  5  8]
[161 140 115]
[55 13 11]
[192 166 150]
[255 251 223]
[241 238 216]
[77 25 33]
[255 255 238]
[51 73 87]
[19  0  0]
[48 52 53]
[72 15  4]
[255 255 236]