[ 54  61 134]
[ 49  61 132]
[ 57  59 132]
[ 53  61 137]
[ 54  64 133]
[ 58  59 136]
[104 112 167]
[119 121 170]
[124 123 171]
[ 53  62 135]
[ 59  62 132]
[ 56  61 133]
[ 53  53 126]
[ 55  60 132]
[ 55  62 134]
[ 51  58 131]
[ 56  58 132]
[ 55  62 135]
[ 58  59 129]
[ 52  59 132]
[ 62  64 138]
[ 51  60 133]
[ 55  60 133]
[ 47  54 127]
[ 61  61 134]
[ 56  63 135]
[ 46  55 128]
[ 60  62 136]
[ 55  57 131]
[ 60  58 137]
[131 130 178]
[123 122 170]
[135 132 182]
[ 63  69 138]
[116 110 159]
[115 125 168]
[ 58  62 129]
[ 54  60 129]
[ 57  67 136]
[ 68  71 136]
[104 111 169]
[ 56  58 131]
[ 60  63 128]
[ 64  61 135]
[ 89  91 145]
[ 64  71 137]
[ 45  44 112]
[ 45  47 121]
[ 43  39 110]
[ 58  61 131]
[ 38  42 104]
[ 44  46 120]
[ 44  44 118]
[ 39  42 107]
[ 37  40 105]
[ 51  49 115]
[ 39  44 104]
[ 48  55 127]
[ 44  51 124]
[ 53  55 128]
[ 61  62 132]
[ 57  59 132]
[ 48  52 119]
[ 50  52 126]
[ 46  54 123]
[ 51  51 117]
[ 48  53 125]
[ 48  53 125]
[ 48  55 128]
[ 53  53 126]
[ 54  55 125]
[34 36 83]
[29 31 78]
[32 37 95]
[37 38 89]
[38 37 93]
[ 43  41 102]
[ 41  41 100]
[38 39 90]
[ 40  42 101]
[37 36 86]
[30 32 79]
[30 34 83]
[36 34 86]
[ 44  42 103]
[31 30 78]
[34 33 83]