[ 17  69 166]
[ 26  64 162]
[ 16  64 161]
[ 19  60 160]
[ 32  61 160]
[ 21  61 165]
[ 34  67 168]
[ 36  65 173]
[ 38  70 175]
[ 28  69 176]
[ 33  80 191]
[ 44  78 191]
[ 30  84 197]
[ 26  77 194]
[ 14  77 193]
[ 28  76 191]
[ 23  80 190]
[ 37  80 190]
[ 33  85 182]
[ 40  95 190]
[ 34  76 178]
[ 52  90 188]
[ 69 112 196]
[ 81 130 202]
[ 93 136 212]
[ 81 128 211]
[ 72 123 215]
[ 76 130 209]
[ 64 119 204]
[ 73 115 205]
[ 75 122 205]
[ 68 108 198]
[ 68 115 205]
[ 70 118 214]
[ 66 105 206]
[ 80 116 204]
[ 63 104 204]
[ 50  93 193]
[ 54 107 199]
[ 65 110 210]
[ 65 110 208]
[ 69 116 216]
[ 61 112 215]
[ 71 112 219]
[ 55 111 216]
[ 42 104 218]
[ 45  89 195]
[ 68 113 213]
[ 54 112 217]
[ 64 104 216]
[ 59 109 216]
[ 81 113 216]
[ 53 117 225]
[ 71 118 219]
[ 75 115 213]
[ 52 104 215]
[ 51 101 207]
[ 59 102 212]
[ 39  85 199]
[ 29  73 187]
[ 43  94 204]
[ 51 100 211]
[ 61 105 211]
[ 63 111 207]
[ 63 111 215]
[ 37  71 178]
[ 42  84 196]
[ 32  92 206]
[ 48  88 202]
[ 37  68 177]
[ 45  76 177]
[ 49  98 208]
[ 58 106 213]
[ 55 113 216]
[ 66 113 214]
[ 41 101 214]
[ 73 110 211]
[ 30  88 201]
[ 22  71 191]
[ 19  69 186]
[ 52 104 211]
[ 56  96 210]
[ 53 104 215]
[ 54 104 218]
[ 58 109 219]
[ 37 102 220]
[ 72 114 216]
[ 69 112 210]
[ 94 128 207]
[ 79 115 202]
[ 52  98 194]
[ 78 122 204]
[ 95 130 211]
[ 68 116 203]
[ 63 111 208]
[ 95 139 209]
[ 78 115 199]
[ 54 108 221]
[ 40 106 216]
[ 90 126 221]
[ 46  98 218]
[ 54 105 216]
[ 58 100 212]
[ 59 110 213]
[ 30 105 216]
[ 84 121 212]
[ 65 103 200]
[ 66 113 203]
[ 66 107 207]
[ 76 117 215]
[ 67 109 221]
[ 42 102 225]
[ 52 103 220]
[ 47 106 223]
[ 59 110 221]
[ 71 117 221]
[ 43 112 220]
[ 42 102 216]
[ 68 107 214]
[ 63 111 218]
[ 57 103 217]
[ 58 102 214]
[ 47 103 217]
[ 51 100 224]
[ 60 103 221]
[ 72 107 216]
[ 61 104 220]
[ 40 101 220]
[ 56 107 218]
[ 63 103 215]
[ 68 112 206]
[ 80 113 204]
[ 66 106 203]
[ 73 118 210]
[ 70 117 209]
[ 70 120 209]
[ 73 125 212]
[ 75 128 213]
[119 144 218]
[ 96 134 213]
[ 96 127 210]
[ 74 119 211]
[ 75 125 214]
[ 62 112 219]
[ 58 105 216]
[ 41 101 215]
[ 50 101 212]
[ 65 110 220]
[ 55 107 220]
[ 56 111 228]
[ 46 101 220]
[ 38 104 224]
[ 46 103 222]
[ 58 116 219]
[112 140 220]
[121 154 225]
[ 86 134 213]
[ 73 113 217]
[ 48 100 221]
[ 91 125 213]
[ 88 129 212]
[ 27  56 175]
[ 24  53 179]
[ 39  62 179]
[ 27  59 184]
[ 30  61 200]
[ 32  64 195]
[ 53  98 216]
[ 74 107 208]
[ 69 112 212]
[ 68 113 211]
[ 49  92 218]
[ 65 101 220]
[ 41  94 229]
[ 49  94 223]
[ 48  97 231]
[ 69 103 233]
[ 62  92 225]
[ 51  91 221]
[ 55  86 223]
[ 40  85 221]
[ 64  97 224]
[ 58  94 224]
[ 61 106 224]
[ 63 101 233]
[ 66 104 233]
[ 54 106 227]
[ 72 110 222]
[ 89 114 220]
[ 81 120 222]
[103 127 225]
[ 88 124 221]
[ 53 100 228]
[ 58  96 226]
[ 53 102 227]
[ 82 116 221]
[ 69 109 213]
[ 84 125 218]
[ 92 124 221]
[ 86 112 224]
[ 65 107 229]
[ 60 102 232]
[ 72 106 221]
[ 58 102 206]
[ 54  95 202]
[ 56 105 205]
[ 48  89 207]
[ 46  90 202]
[ 39  80 206]
[ 34  89 216]
[ 45  83 204]
[ 45  86 212]
[ 46  82 211]
[ 30  84 213]
[ 38  81 217]
[ 59  92 211]
[ 44  78 203]
[ 38  81 207]
[ 55  84 210]
[ 41  88 217]
[ 39  92 219]
[ 37  91 222]
[ 59 104 222]
[ 83 121 218]
[ 83 121 219]
[ 70 104 209]
[ 61  99 210]
[ 59 103 215]
[ 63 104 222]
[ 53  99 223]
[ 40  94 223]
[ 65  94 221]
[ 57  95 225]
[ 64  97 216]
[ 49  97 225]
[ 52 104 227]
[ 61  93 216]
[ 60 103 219]
[ 70 119 219]
[ 55 109 214]
[ 43  89 204]
[ 37  84 213]
[ 23  87 215]
[ 40  75 210]
[ 36  84 209]
[ 38  85 214]
[ 41  79 208]
[ 35  86 211]
[ 35  80 208]
[ 47  81 210]
[ 32  83 208]
[ 41  89 203]
[ 64 107 207]
