[201 217 226]
[156 166 227]
[151 169 212]
[140 155 203]
[115 138 202]
[239 249 246]
[154 196 255]
[154 193 241]
[104 150 226]
[222 214 239]
[255 247 236]
[169 173 183]
[187 201 230]
[199 203 213]
[147 142 198]
[217 217 251]
[142 153 186]
[153 176 230]
[101 138 222]
[137 152 217]
[252 250 248]
[147 183 255]
[147 163 207]
[156 171 194]
[ 98 145 211]
[188 183 194]
[191 203 230]
[229 237 236]
[123 149 201]
[159 166 214]
[113 131 195]
[107 146 222]
[211 204 215]
[137 170 229]
[169 184 208]
[183 189 205]
[167 183 234]
[231 248 253]
[167 190 254]
[176 217 230]
[194 213 223]
[101 166 255]
[139 161 241]
[ 87 136 229]
[122 188 255]
[ 72 141 249]
[ 77 141 246]
[ 97 157 255]
[ 88 167 255]
[101 166 255]
[120 157 255]
[188 222 255]
[203 210 249]
[128 145 227]
[233 249 255]
[131 166 255]
[163 189 255]
[203 230 255]
[119 144 236]
[167 173 228]
[120 139 231]
[ 77 156 255]
[139 165 254]
[111 147 242]
[130 185 232]
[148 181 255]
[ 96 155 230]
[ 33 120 228]
[ 49 120 228]
[ 98 162 255]
[202 200 255]
[105 144 220]
[146 157 204]
[116 164 243]
[107 159 248]
[132 150 212]
[144 156 209]
[106 166 255]
[181 217 255]
[147 192 255]
[180 206 255]
[168 195 255]
[102 164 252]
[113 169 255]
[143 178 238]
[203 200 246]
[ 87 142 241]
[ 87 130 220]
[130 150 214]
[197 213 237]
[ 85 149 254]
[ 70 126 229]
[116 145 230]
[ 57 129 234]
[ 79 155 255]
[100 160 255]
[102 158 251]
[143 171 241]
[ 84 148 236]
[112 168 255]
[133 159 237]
[152 195 253]
[110 152 232]
[107 137 224]
[153 180 255]
[240 248 255]
[155 192 255]
[162 162 224]
[136 167 247]
[ 86 136 242]
[155 180 255]
[198 219 255]
[ 91 138 239]
[ 59 127 231]
[115 149 254]
[166 184 255]
[167 196 255]
[129 168 255]
[111 150 243]
[169 203 255]
[105 156 255]
[133 165 255]
[113 145 248]
[178 189 255]
[167 172 240]
[185 186 244]
[150 159 250]
[152 160 237]
[101 149 255]
[164 227 255]
[ 66 107 233]
[174 196 255]
[140 154 247]
[132 161 255]
[107 153 249]
[161 183 255]
[ 83 132 242]
[202 200 255]
[105 166 247]
[140 174 255]
[218 216 255]
[176 181 255]
[ 41 115 244]
[156 187 255]
[141 166 255]
[154 186 255]
[179 199 255]
[164 171 255]
[217 223 255]
[148 163 252]
[124 147 249]
[172 192 255]
[126 146 242]
[140 172 245]
[122 157 250]
[126 157 248]
[248 255 252]
[164 209 255]
[109 141 226]
[100 143 227]
[ 90 152 255]
[153 153 223]
[144 181 254]
[184 200 255]
[133 170 254]
[117 151 255]
[103 141 255]
[108 149 255]
[ 95 132 247]
[165 170 255]
[104 155 255]
[182 190 244]
[148 161 246]
[ 82 101 231]
[146 158 255]
[ 64 139 222]
[ 83 118 219]
[202 233 255]
[176 214 255]
[ 73 132 249]
[ 60 124 244]
[205 212 255]
[ 68 133 239]
[103 136 245]
[168 194 255]
[185 224 255]
[184 211 255]
[159 191 255]
[149 182 255]
[114 145 244]
[117 149 244]
[213 216 255]
[153 157 244]
[135 169 255]
[118 161 255]
[102 141 245]
[240 255 246]
[ 91 132 230]
[193 186 255]
[ 86 133 244]
[239 231 255]
[148 159 244]
[103 148 246]
[204 222 255]
[219 197 241]
[102 161 253]
[139 150 251]
[ 85 147 255]
[ 99 148 255]
[119 153 255]
[ 86 132 246]
[124 136 233]
[151 137 242]
[ 72 127 244]
[163 191 255]
[232 245 255]
[178 214 255]
[163 224 255]
[178 202 255]
[139 166 255]
[ 94 133 241]
[155 156 247]
[237 237 255]
[255 253 255]
[251 249 255]
[248 251 255]
[134 170 255]
[143 165 255]
[ 61 115 216]
[162 175 251]
[180 186 255]
[195 217 255]
[180 199 255]
[ 97 146 219]
[134 145 252]
[ 81 128 248]
[119 151 254]
