[148 145 149]
[ 74  89 104]
[136 138 148]
[ 73  78 109]
[ 71  74 112]
[ 64  74 121]
[ 71  88 117]
[ 86  90 124]
[ 77  84 123]
[ 42  67 114]
[114 118 142]
[ 53  64 119]
[ 45  75 117]
[102 101 133]
[ 63  77 120]
[ 57  67 116]
[ 44  76 119]
[ 89 104 133]
[ 58  64 118]
[108 112 146]
[ 57  69 128]
[ 91 103 130]
[118 144 163]
[ 98  99 127]
[ 65  78 126]
[ 50  69 117]
[ 90 100 137]
[ 51  67 120]
[ 64  74 121]
[ 57  66 121]
[138 144 146]
[ 49  68 116]
[ 57  67 112]
[ 61  76 124]
[ 58  78 114]
[ 50  66 119]
[ 48  69 109]
[ 71  87 131]
[ 69  83 134]
[ 53  70 117]
[105 103 129]
[ 61  72 117]
[ 95 101 126]
[ 63  77 111]
[150 156 162]
[106 116 135]
[116 139 162]
[ 57  79 113]
[ 92  97 128]
[ 70  78 122]
[ 42  67 114]
[ 51  80 119]
[ 57  61 113]
[ 57  61 113]
[ 96 101 139]
[ 76  87 130]
[ 83  95 132]
[ 88  93 123]
[109 109 129]
[ 69  71 105]
[103 108 128]
[ 78  96 139]
[ 73  76 125]
[ 52  67 125]
[ 76  74 124]
[ 93  97 132]
[ 70  74 119]
